PORT=/dev/ttyFMU
BAUD=921600
SYS_ID=5
CLS_ID=1
COMP_ID=1
AGENT_IDX=1
AGENT_ALT=365
HOME_LAT=40.851745
HOME_LON=-96.608761
HOME_ALT=350
